scanner_serial_number: 40402057
intrinsic:
  projection_center_distance: 0.0
  focus_distance: 4.715378224147283
  principal_point:
    x: 0.9930139449441449
    y: 0.754875302126084
  pixel_pitch:
    x: 2.74e-06
    y: 2.74e-06
  rho: 3.141592653589793
  tau: 0.12217304763960307
  d: 0.5597753718678573
  K1: 0.007962795536909519
  K2: 0.026772094795031075
  K3: -0.014787649308636013
  P1: -0.0028219237254003744
  P2: 0.00417864043329311
  scaling_factors:
    w: 0.00565536
    m: 0.1
    K1: 0.1
    K2: 0.1
    K3: 0.1
    P1: 0.1
    P2: 0.1
extrinsic:
  R: !matrix
    rows: 3
    columns: 3
    data: [0.9999900141669034, -0.0037822314392825704, -0.0023803974071929038,
           -0.0006203294305648313, 0.41001800882613115, -0.9120772158264081,
           0.004425692925864075, 0.9120695846061277, 0.41001156822525336]
  t: !matrix
    rows: 3
    columns: 1
    data: [-0.04886608988697602, -0.04393368249422651, 0.37231035253911315]
  D: !matrix
    rows: 5
    columns: 1
    data: [0.1, 0.01, -0.001, 0, 0]
checksum: 4de62a1cc502ab053940770961178298
