# 2025-10-27T10:46:24+0000
scanner_serial_number: 40402056
intrinsic:
  projection_center_distance: 0.0
  focus_distance: 4.705687817960959
  principal_point:
    x: 0.9885453041110926
    y: 0.7397950565238841
  pixel_pitch:
    x: 2.74e-06
    y: 2.74e-06
  sensor_size:
    width: 4128
    height: 2250
  rho: 3.141592653589793
  tau: 0.12217304763960307
  d: 0.5726871167383972
  K1: 0.010602341786689689
  K2: 0.02141422723725238
  K3: -0.01260591918591001
  P1: -0.0004918910063675932
  P2: 0.00501258557481898
  scaling_factors:
    w: 0.00565536
    m: 0.1
    K1: 0.1
    K2: 0.1
    K3: 0.1
    P1: 0.1
    P2: 0.1
extrinsic:
  R: !matrix
    rows: 3
    columns: 3
    data: [0.9999926948341857, -0.003805553272358556, 0.00035783034325896027,
           0.0018721208259279115, 0.4060114328223034, -0.9138660796753502,
           0.0033324828396321463, 0.9138600736337438, 0.40601559129699943]
  t: !matrix
    rows: 3
    columns: 1
    data: [-0.04474089414461499, -0.03727643970625372, 0.3849145611727195]
  D: !matrix
    rows: 5
    columns: 1
    data: [0.1, 0.01, -0.001, 0, 0]
checksum: 4549a719d6f963c0180c2cf6098e2331
