# 2025-01-30T10:08:25+0000
scanner_serial_number: 40402058
intrinsic:
  projection_center_distance: 0.0
  focus_distance: 4.707169650987833
  principal_point:
    x: 0.9958810108975692
    y: 0.7328731117195414
  pixel_pitch:
    x: 2.74e-06
    y: 2.74e-06
  rho: 3.141592653589793
  tau: 0.12217304763960307
  d: 0.5664236707422337
  K1: 0.014247133599571388
  K2: 0.015635889655594377
  K3: -0.009150701328124438
  P1: -0.0024445633513296393
  P2: 0.004005511394363021
  scaling_factors:
    w: 0.00565536
    m: 0.1
    K1: 0.1
    K2: 0.1
    K3: 0.1
    P1: 0.1
    P2: 0.1
extrinsic:
  R: !matrix
    rows: 3
    columns: 3
    data: [0.9999789217373766, -0.004166367066133731, -0.0049797054555336135,
           -0.002827773616169449, 0.41093180358687603, -0.9116617006857383,
           0.005844636629366361, 0.911656565920691, 0.4109113603155348]
  t: !matrix
    rows: 3
    columns: 1
    data: [-0.050185373266832534, -0.0383128226461744, 0.38133909670473265]
  D: !matrix
    rows: 5
    columns: 1
    data: [0.1, 0.01, -0.001, 0, 0]
checksum: 861614d004f38a73682a97a8042fba72
